Time	wtime	pss	rss	swap	vmem	rchar	read_bytes	wchar	write_bytes	rx_bytes	rx_packets	tx_bytes	tx_packets	stime	utime	nprocs	nthreads
1773494040	0	16731	19652	0	103728	6708	0	87	0	66	1	299	1	0	0	1	1
1773494042	2	49474	52508	0	103728	6708	0	87	0	8432	17	13498	15	0	0	1	1
1773494044	4	49473	52508	0	103728	6708	0	87	0	8536	19	13602	17	0	0	1	1
1773494046	6	49473	52508	0	103728	6708	0	87	0	8536	19	13602	17	0	0	1	1
1773494048	8	49473	52508	0	103728	6708	0	87	0	17423	57	21605	51	0	0	1	1
1773494050	10	49474	52508	0	103728	6708	0	87	0	54593	136	78883	124	0	0	1	1
1773494052	12	49475	52508	0	103728	6708	0	87	0	70341	170	103353	156	0	0	1	1
1773494054	15	49473	52508	0	103728	6708	0	87	0	73059	193	111800	176	0	0	1	1
1773494056	17	49474	52508	0	103728	6708	0	87	0	73125	194	111962	177	0	0	1	1
1773494058	19	49470	52508	0	103728	6708	0	87	0	79218	210	119686	192	0	0	1	1
1773494060	21	49474	52508	0	103728	6708	0	87	0	108022	275	162457	255	0	0	1	1
1773494062	23	49474	52508	0	103728	6708	0	87	0	136523	338	205594	312	0	0	1	1
1773494064	25	49469	52508	0	103728	6708	0	87	0	136523	338	205594	312	0	0	1	1
1773494066	27	49473	52508	0	103728	6708	0	87	0	136523	338	205594	312	0	0	1	1
1773494068	29	49474	52508	0	103728	6708	0	87	0	136655	340	205726	314	0	0	1	1
1773494070	31	49474	52508	0	103728	6708	0	87	0	155851	390	232564	362	0	0	1	1
1773494072	33	49474	52508	0	103728	6708	0	87	0	194104	471	291911	439	0	0	1	1
1773494074	35	49474	52508	0	103728	6708	0	87	0	194104	471	291911	439	0	0	1	1
1773494076	37	49469	52508	0	103728	6708	0	87	0	194104	471	291911	439	0	0	1	1
1773494078	39	49475	52508	0	103728	6708	0	87	0	194104	471	291911	439	0	0	1	1
1773494080	41	49474	52508	0	103728	6708	0	87	0	209299	506	314017	472	0	0	1	1
1773494082	43	49474	52508	0	103728	6708	0	87	0	251622	603	378101	564	0	0	1	1
1773494084	45	49475	52508	0	103728	6708	0	87	0	254493	624	387118	584	0	0	1	1
1773494086	47	49473	52508	0	103728	6708	0	87	0	254559	625	387184	585	0	0	1	1
1773494088	49	49474	52508	0	103728	6708	0	87	0	254729	628	387354	588	0	0	1	1
1773494090	50	49472	52508	0	103728	6708	0	87	0	259349	647	391614	605	0	0	1	1
1773494092	52	49476	52508	0	103728	6708	0	87	0	312102	757	473331	709	0	0	1	1
1773494094	54	49469	52508	0	103728	6708	0	87	0	312102	757	473331	709	0	0	1	1
1773494096	56	49471	52508	0	103728	6708	0	87	0	312102	757	473331	709	0	0	1	1
1773494098	58	49472	52508	0	103728	6708	0	87	0	312338	761	473567	713	0	0	1	1
1773494100	60	49476	52508	0	103728	6708	0	87	0	316958	780	477827	730	0	0	1	1
1773494102	62	49473	52508	0	103728	6708	0	87	0	361403	875	546143	817	0	0	1	1
1773494104	64	49474	52508	0	103728	6708	0	87	0	369879	893	559449	833	0	0	1	1
1773494106	66	49475	52508	0	103728	6708	0	87	0	369879	893	559449	833	0	0	1	1
1773494108	68	49476	52508	0	103728	6708	0	87	0	374149	912	563194	850	0	0	1	1
1773494110	70	49476	52508	0	103728	6708	0	87	0	374149	912	563194	850	0	0	1	1
1773494112	72	49472	52508	0	103728	6708	0	87	0	416031	1012	624959	944	0	0	1	1
1773494114	74	49473	52508	0	103728	6708	0	87	0	434270	1065	657650	992	0	0	1	1
1773494116	76	49474	52508	0	103728	6708	0	87	0	434336	1066	657812	993	0	0	1	1
1773494118	78	49474	52508	0	103728	6708	0	87	0	440429	1082	665536	1008	0	0	1	1
1773494120	80	49476	52508	0	103728	6708	0	87	0	440429	1082	665536	1008	0	0	1	1
1773494122	82	49471	52508	0	103728	6708	0	87	0	469229	1147	708305	1071	0	0	1	1
1773494124	84	49470	52508	0	103728	6708	0	87	0	497735	1210	751446	1128	0	0	1	1
1773494126	86	49474	52508	0	103728	6708	0	87	0	497735	1210	751446	1128	0	0	1	1
1773494128	88	49476	52508	0	103728	6708	0	87	0	497867	1212	751578	1130	0	0	1	1
1773494130	90	49475	52508	0	103728	6708	0	87	0	497867	1212	751578	1130	0	0	1	1
1773494132	92	49474	52508	0	103728	6708	0	87	0	517129	1263	778350	1177	0	0	1	1
1773494134	94	49474	52508	0	103728	6708	0	87	0	555382	1344	837697	1254	0	0	1	1
1773494136	96	49475	52508	0	103728	6708	0	87	0	555382	1344	837697	1254	0	0	1	1
1773494138	98	49474	52508	0	103728	6708	0	87	0	555382	1344	837697	1254	0	0	1	1
1773494140	100	49471	52508	0	103728	6708	0	87	0	555382	1344	837697	1254	0	0	1	1
1773494142	103	49472	52508	0	103728	6708	0	87	0	570798	1383	860022	1291	0	0	1	1
1773494144	105	49473	52508	0	103728	6708	0	87	0	615708	1496	932929	1399	0	0	1	1
1773494146	107	49476	52508	0	103728	6708	0	87	0	615774	1497	932995	1400	0	0	1	1
1773494148	109	49475	52508	0	103728	6708	0	87	0	615944	1500	933165	1403	0	0	1	1
1773494150	111	49473	52508	0	103728	6708	0	87	0	615944	1500	933165	1403	0	0	1	1
1773494152	113	49474	52508	0	103728	6708	0	87	0	620564	1519	937425	1420	0	0	1	1
1773494154	115	49473	52508	0	103728	6708	0	87	0	673257	1628	1019079	1523	0	0	1	1
1773494156	117	49474	52508	0	103728	6708	0	87	0	673257	1628	1019079	1523	0	0	1	1
1773494158	119	49474	52508	0	103728	6708	0	87	0	673493	1632	1019315	1527	0	0	1	1
1773494160	121	49471	52508	0	103728	6708	0	87	0	673493	1632	1019315	1527	0	0	1	1
1773494162	123	49469	52508	0	103728	6708	0	87	0	678110	1651	1023639	1545	0	0	1	1
1773494164	125	49472	52508	0	103728	6708	0	87	0	722599	1747	1092128	1635	0	0	1	1
1773494166	127	49469	52508	0	103728	6708	0	87	0	730971	1763	1105330	1649	0	0	1	1
1773494168	129	49476	52508	0	103728	6708	0	87	0	735241	1782	1109075	1666	0	0	1	1
1773494170	131	49469	52508	0	103728	6708	0	87	0	735241	1782	1109075	1666	0	0	1	1
1773494172	133	49473	52508	0	103728	6708	0	87	0	739956	1803	1113563	1687	0	0	1	1
1773494174	135	49469	52508	0	103728	6708	0	87	0	779700	1903	1179437	1782	0	0	1	1
1773494176	137	49476	52508	0	103728	6708	0	87	0	795353	1935	1203908	1812	0	0	1	1
1773494178	138	49474	52508	0	103728	6708	0	87	0	801446	1951	1211632	1827	0	0	1	1
1773494180	140	49473	52508	0	103728	6708	0	87	0	801446	1951	1211632	1827	0	0	1	1
1773494182	142	49473	52508	0	103728	6708	0	87	0	801446	1951	1211632	1827	0	0	1	1
1773494184	144	49474	52508	0	103728	6708	0	87	0	830317	2017	1254338	1889	0	0	1	1
1773494186	146	49471	52508	0	103728	6708	0	87	0	858619	2077	1297674	1949	0	0	1	1
1773494188	148	49475	52508	0	103728	6708	0	87	0	858619	2077	1297674	1949	0	0	1	1
1773494190	150	49474	52508	0	103728	6708	0	87	0	858751	2079	1297806	1951	0	0	1	1
1773494192	152	49469	52508	0	103728	6708	0	87	0	858751	2079	1297806	1951	0	0	1	1
1773494194	154	49474	52508	0	103728	6708	0	87	0	878218	2134	1324784	2002	0	0	1	1
1773494196	156	49474	52508	0	103728	6708	0	87	0	916327	2212	1383856	2074	0	0	1	1
1773494198	158	49475	52508	0	103728	6708	0	87	0	916327	2212	1383856	2074	0	0	1	1
1773494200	160	49471	52508	0	103728	6708	0	87	0	916327	2212	1383856	2074	0	0	1	1
1773494202	162	49471	52508	0	103728	6708	0	87	0	916543	2216	1384072	2078	0	0	1	1
1773494204	164	49476	52508	0	103728	6708	0	87	0	934677	2273	1415153	2130	0	0	1	1
1773494206	166	49471	52508	0	103728	6708	0	87	0	976782	2366	1479086	2219	0	0	1	1
1773494208	168	49474	52508	0	103728	6708	0	87	0	976952	2369	1479256	2222	0	0	1	1
1773494210	170	49476	52508	0	103728	6708	0	87	0	976952	2369	1479256	2222	0	0	1	1
1773494212	172	49474	52508	0	103728	6708	0	87	0	976952	2369	1479256	2222	0	0	1	1
1773494214	174	49473	52508	0	103728	6708	0	87	0	981572	2388	1483516	2239	0	0	1	1
1773494216	176	49476	52508	0	103728	6708	0	87	0	1034389	2499	1565034	2340	0	0	1	1
1773494218	178	49474	52508	0	103728	6708	0	87	0	1034493	2501	1565138	2342	0	0	1	1
1773494220	180	49474	52508	0	103728	6708	0	87	0	1034625	2503	1565270	2344	0	0	1	1
1773494222	182	49474	52508	0	103728	6708	0	87	0	1034625	2503	1565270	2344	0	0	1	1
1773494224	184	49473	52508	0	103728	6708	0	87	0	1039283	2523	1569700	2364	0	0	1	1
1773494226	186	49471	52508	0	103728	6708	0	87	0	1083662	2617	1638148	2453	0	0	1	1
1773494228	188	49475	52508	0	103728	6708	0	87	0	1096299	2652	1655092	2484	0	0	1	1
1773494230	190	49476	52508	0	103728	6708	0	87	0	1096299	2652	1655092	2484	0	0	1	1
1773494232	192	49475	52508	0	103728	6708	0	87	0	1096463	2655	1655256	2487	0	0	1	1
1773494234	195	49470	52508	0	103728	6708	0	87	0	1099115	2677	1663660	2506	0	0	1	1
1773494236	197	49473	52508	0	103728	6708	0	87	0	1140902	2775	1725424	2598	0	0	1	1
1773494238	199	49474	52508	0	103728	6708	0	87	0	1162644	2823	1757389	2641	0	0	1	1
1773494240	201	49475	52508	0	103728	6708	0	87	0	1162644	2823	1757389	2641	0	0	1	1
1773494242	203	49475	52508	0	103728	6708	0	87	0	1162644	2823	1757389	2641	0	0	1	1
1773494244	205	49469	52508	0	103728	6708	0	87	0	1162644	2823	1757389	2641	0	0	1	1
1773494246	207	49471	52508	0	103728	6708	0	87	0	1191515	2889	1800095	2703	0	0	1	1
1773494248	209	49472	52508	0	103728	6708	0	87	0	1220083	2953	1843168	2759	0	0	1	1
1773494250	211	49474	52508	0	103728	6708	0	87	0	1220215	2955	1843300	2761	0	0	1	1
1773494252	213	49476	52508	0	103728	6708	0	87	0	1220423	2959	1843508	2765	0	0	1	1
1773494254	215	49474	52508	0	103728	6708	0	87	0	1220423	2959	1843508	2765	0	0	1	1
1773494256	217	49472	52508	0	103728	6708	0	87	0	1239681	3010	1870278	2812	0	0	1	1
1773494258	219	49476	52508	0	103728	6708	0	87	0	1277792	3088	1929351	2884	0	0	1	1
1773494260	221	49476	52508	0	103728	6708	0	87	0	1277792	3088	1929351	2884	0	0	1	1
1773494262	223	49473	52508	0	103728	6708	0	87	0	1278008	3092	1929567	2888	0	0	1	1
1773494264	225	49469	52508	0	103728	6708	0	87	0	1280945	3114	1938566	2907	0	0	1	1
1773494266	227	49472	52508	0	103728	6708	0	87	0	1296277	3151	1960675	2940	0	0	1	1
1773494268	228	49475	52508	0	103728	6708	0	87	0	1338550	3247	2024645	3030	0	0	1	1
1773494270	230	49470	52508	0	103728	6708	0	87	0	1338550	3247	2024645	3030	0	0	1	1
1773494272	232	49469	52508	0	103728	6708	0	87	0	1338550	3247	2024645	3030	0	0	1	1
1773494274	234	49469	52508	0	103728	6708	0	87	0	1338550	3247	2024645	3030	0	0	1	1
1773494276	236	49470	52508	0	103728	6708	0	87	0	1343170	3266	2028905	3047	0	0	1	1
1773494278	238	49475	52508	0	103728	6708	0	87	0	1396029	3378	2110595	3151	0	0	1	1
1773494280	240	49474	52508	0	103728	6708	0	87	0	1396161	3380	2110727	3153	0	0	1	1
1773494282	242	49474	52508	0	103728	6708	0	87	0	1396161	3380	2110727	3153	0	0	1	1
1773494284	244	49470	52508	0	103728	6708	0	87	0	1396265	3382	2110831	3155	0	0	1	1
1773494286	246	49469	52508	0	103728	6708	0	87	0	1400882	3401	2115089	3172	0	0	1	1
1773494288	248	49471	52508	0	103728	6708	0	87	0	1445195	3494	2183537	3261	0	0	1	1
1773494290	250	49476	52508	0	103728	6708	0	87	0	1457766	3528	2200547	3293	0	0	1	1
1773494292	252	49473	52508	0	103728	6708	0	87	0	1457930	3531	2200711	3296	0	0	1	1
1773494294	254	49471	52508	0	103728	6708	0	87	0	1460582	3553	2209140	3315	0	0	1	1
1773494296	256	49474	52508	0	103728	6708	0	87	0	1460648	3554	2209302	3316	0	0	1	1
1773494298	258	49473	52508	0	103728	6708	0	87	0	1508523	3668	2278692	3423	0	0	1	1
1773494300	260	49474	52508	0	103728	6708	0	87	0	1524107	3699	2303001	3452	0	0	1	1
1773494302	262	49473	52508	0	103728	6708	0	87	0	1524107	3699	2303001	3452	0	0	1	1
1773494304	264	49470	52508	0	103728	6708	0	87	0	1524107	3699	2303001	3452	0	0	1	1
1773494306	266	49474	52508	0	103728	6708	0	87	0	1524107	3699	2303001	3452	0	0	1	1
1773494308	268	49470	52508	0	103728	6708	0	87	0	1552845	3763	2345838	3516	0	0	1	1
1773494310	270	49472	52508	0	103728	6708	0	87	0	1581412	3827	2389176	3576	0	0	1	1
1773494312	272	49469	52508	0	103728	6708	0	87	0	1581620	3831	2389384	3580	0	0	1	1
1773494314	274	49474	52508	0	103728	6708	0	87	0	1581620	3831	2389384	3580	0	0	1	1
1773494316	276	49474	52508	0	103728	6708	0	87	0	1581620	3831	2389384	3580	0	0	1	1
1773494318	278	49474	52508	0	103728	6708	0	87	0	1600882	3882	2416156	3627	0	0	1	1
1773494320	280	49474	52508	0	103728	6708	0	87	0	1639062	3961	2475166	3698	0	0	1	1
1773494322	282	49473	52508	0	103728	6708	0	87	0	1639278	3965	2475382	3702	0	0	1	1
1773494324	285	49470	52508	0	103728	6708	0	87	0	1642149	3986	2484447	3722	0	0	1	1
1773494326	287	49473	52508	0	103728	6708	0	87	0	1642215	3987	2484513	3723	0	0	1	1
1773494328	289	49475	52508	0	103728	6708	0	87	0	1657583	4025	2506791	3759	0	0	1	1
1773494330	291	49474	52508	0	103728	6708	0	87	0	1699631	4117	2570664	3847	0	0	1	1
1773494332	293	49469	52508	0	103728	6708	0	87	0	1699631	4117	2570664	3847	0	0	1	1
1773494334	295	49473	52508	0	103728	6708	0	87	0	1699631	4117	2570664	3847	0	0	1	1
1773494336	297	49474	52508	0	103728	6708	0	87	0	1699631	4117	2570664	3847	0	0	1	1
1773494338	299	49469	52508	0	103728	6708	0	87	0	1704355	4138	2575028	3866	0	0	1	1
1773494340	301	49475	52508	0	103728	6708	0	87	0	1757047	4247	2656947	3973	0	0	1	1
1773494342	303	49474	52508	0	103728	6708	0	87	0	1757047	4247	2656947	3973	0	0	1	1
1773494344	305	49471	52508	0	103728	6708	0	87	0	1757151	4249	2657051	3975	0	0	1	1
1773494346	307	49476	52508	0	103728	6708	0	87	0	1757151	4249	2657051	3975	0	0	1	1
1773494348	309	49469	52508	0	103728	6708	0	87	0	1761705	4267	2661377	3993	0	0	1	1
1773494350	311	49471	52508	0	103728	6708	0	87	0	1810422	4381	2733506	4098	0	0	1	1
1773494352	313	49474	52508	0	103728	6708	0	87	0	1818890	4399	2746937	4116	0	0	1	1
1773494354	315	49475	52508	0	103728	6708	0	87	0	1821542	4421	2755366	4135	0	0	1	1
1773494356	317	49475	52508	0	103728	6708	0	87	0	1821608	4422	2755528	4136	0	0	1	1
1773494358	318	49474	52508	0	103728	6708	0	87	0	1827701	4438	2763252	4151	0	0	1	1
1773494360	320	49469	52508	0	103728	6708	0	87	0	1869357	4534	2824921	4243	0	0	1	1
1773494362	322	49470	52508	0	103728	6708	0	87	0	1884877	4564	2849297	4273	0	0	1	1
1773494364	324	49474	52508	0	103728	6708	0	87	0	1884877	4564	2849297	4273	0	0	1	1
1773494366	326	49474	52508	0	103728	6708	0	87	0	1884877	4564	2849297	4273	0	0	1	1
1773494368	328	49470	52508	0	103728	6708	0	87	0	1884877	4564	2849297	4273	0	0	1	1
1773494370	330	49471	52508	0	103728	6708	0	87	0	1913942	4633	2892067	4336	0	0	1	1
1773494372	332	49474	52508	0	103728	6708	0	87	0	1942591	4699	2935550	4399	0	0	1	1
1773494374	334	49473	52508	0	103728	6708	0	87	0	1942591	4699	2935550	4399	0	0	1	1
1773494376	336	49474	52508	0	103728	6708	0	87	0	1942591	4699	2935550	4399	0	0	1	1
1773494378	338	49472	52508	0	103728	6708	0	87	0	1942591	4699	2935550	4399	0	0	1	1
1773494380	340	49474	52508	0	103728	6708	0	87	0	1961716	4748	2962451	4448	0	0	1	1
1773494382	342	49474	52508	0	103728	6708	0	87	0	1999976	4829	3021807	4525	0	0	1	1
1773494384	344	49474	52508	0	103728	6708	0	87	0	2002913	4851	3030897	4545	0	0	1	1
1773494386	346	49474	52508	0	103728	6708	0	87	0	2002979	4852	3030963	4546	0	0	1	1
1773494388	348	49474	52508	0	103728	6708	0	87	0	2003149	4855	3031133	4549	0	0	1	1
1773494390	350	49475	52508	0	103728	6708	0	87	0	2018344	4890	3053239	4582	0	0	1	1
1773494392	352	49469	52508	0	103728	6708	0	87	0	2060386	4982	3117109	4670	0	0	1	1
1773494394	354	49474	52508	0	103728	6708	0	87	0	2060386	4982	3117109	4670	0	0	1	1
1773494396	356	49474	52508	0	103728	6708	0	87	0	2060386	4982	3117109	4670	0	0	1	1
1773494398	358	49475	52508	0	103728	6708	0	87	0	2060490	4984	3117213	4672	0	0	1	1
1773494400	360	49474	52508	0	103728	6708	0	87	0	2065173	5004	3121669	4692	0	0	1	1
1773494402	362	49470	52508	0	103728	6708	0	87	0	2117727	5111	3203519	4798	0	0	1	1
1773494404	364	49475	52508	0	103728	6708	0	87	0	2117831	5113	3203623	4800	0	0	1	1
1773494406	366	49474	52508	0	103728	6708	0	87	0	2117831	5113	3203623	4800	0	0	1	1
1773494408	368	49474	52508	0	103728	6708	0	87	0	2117831	5113	3203623	4800	0	0	1	1
1773494410	370	49475	52508	0	103728	6708	0	87	0	2126715	5151	3211624	4834	0	0	1	1
1773494412	372	49470	52508	0	103728	6708	0	87	0	2171195	5247	3280239	4926	0	0	1	1
1773494414	375	49471	52508	0	103728	6708	0	87	0	2182217	5285	3301894	4959	0	0	1	1
1773494416	377	49469	52508	0	103728	6708	0	87	0	2182283	5286	3302056	4960	0	0	1	1
1773494418	379	49473	52508	0	103728	6708	0	87	0	2188376	5302	3309780	4975	0	0	1	1
1773494420	381	49474	52508	0	103728	6708	0	87	0	2188376	5302	3309780	4975	0	0	1	1
1773494422	383	49471	52508	0	103728	6708	0	87	0	2230095	5399	3371381	5066	0	0	1	1
1773494424	385	49472	52508	0	103728	6708	0	87	0	2245615	5429	3395757	5096	0	0	1	1
1773494426	387	49475	52508	0	103728	6708	0	87	0	2245615	5429	3395757	5096	0	0	1	1
1773494428	389	49470	52508	0	103728	6708	0	87	0	2245615	5429	3395757	5096	0	0	1	1
1773494430	391	49474	52508	0	103728	6708	0	87	0	2245747	5431	3395889	5098	0	0	1	1
1773494432	393	49471	52508	0	103728	6708	0	87	0	2274614	5497	3438593	5160	0	0	1	1
1773494434	395	49475	52508	0	103728	6708	0	87	0	2303259	5563	3482008	5222	0	0	1	1
1773494436	397	49471	52508	0	103728	6708	0	87	0	2303259	5563	3482008	5222	0	0	1	1
1773494438	399	49475	52508	0	103728	6708	0	87	0	2303259	5563	3482008	5222	0	0	1	1
1773494440	401	49471	52508	0	103728	6708	0	87	0	2303259	5563	3482008	5222	0	0	1	1
1773494442	403	49475	52508	0	103728	6708	0	87	0	2322735	5618	3508995	5273	0	0	1	1
1773494444	405	49473	52508	0	103728	6708	0	87	0	2363784	5718	3577226	5366	0	0	1	1
1773494446	407	49472	52508	0	103728	6708	0	87	0	2363850	5719	3577292	5367	0	0	1	1
1773494448	408	49473	52508	0	103728	6708	0	87	0	2364020	5722	3577462	5370	0	0	1	1
1773494450	410	49473	52508	0	103728	6708	0	87	0	2364020	5722	3577462	5370	0	0	1	1
1773494452	412	49473	52508	0	103728	6708	0	87	0	2379217	5757	3599569	5403	0	0	1	1
1773494454	414	49474	52508	0	103728	6708	0	87	0	2421397	5851	3663376	5490	0	0	1	1
1773494456	416	49469	52508	0	103728	6708	0	87	0	2421397	5851	3663376	5490	0	0	1	1
1773494458	418	49471	52508	0	103728	6708	0	87	0	2421501	5853	3663480	5492	0	0	1	1
1773494460	420	49476	52508	0	103728	6708	0	87	0	2421699	5856	3663774	5495	0	0	1	1
1773494462	422	49474	52508	0	103728	6708	0	87	0	2426316	5875	3668032	5512	0	0	1	1
1773494464	424	49474	52508	0	103728	6708	0	87	0	2478978	5984	3749922	5619	0	0	1	1
1773494466	426	49470	52508	0	103728	6708	0	87	0	2478978	5984	3749922	5619	0	0	1	1
1773494468	428	49474	52508	0	103728	6708	0	87	0	2478978	5984	3749922	5619	0	0	1	1
1773494470	430	49475	52508	0	103728	6708	0	87	0	2483179	6002	3753731	5637	0	0	1	1
1773494472	432	49473	52508	0	103728	6708	0	87	0	2487960	6024	3758153	5657	0	0	1	1
1773494474	434	49475	52508	0	103728	6708	0	87	0	2534996	6140	3835125	5766	0	0	1	1
1773494476	436	49472	52508	0	103728	6708	0	87	0	2543368	6156	3848327	5780	0	0	1	1
1773494478	438	49474	52508	0	103728	6708	0	87	0	2549461	6172	3856051	5795	0	0	1	1
1773494480	440	49475	52508	0	103728	6708	0	87	0	2549461	6172	3856051	5795	0	0	1	1
1773494482	442	49472	52508	0	103728	6708	0	87	0	2549461	6172	3856051	5795	0	0	1	1
1773494484	444	49474	52508	0	103728	6708	0	87	0	2591051	6267	3917786	5888	0	0	1	1
1773494486	446	49473	52508	0	103728	6708	0	87	0	2606641	6298	3942098	5917	0	0	1	1
1773494488	448	49475	52508	0	103728	6708	0	87	0	2606641	6298	3942098	5917	0	0	1	1
1773494490	450	49474	52508	0	103728	6708	0	87	0	2606707	6299	3942164	5918	0	0	1	1
1773494492	452	49471	52508	0	103728	6708	0	87	0	2606839	6301	3942296	5920	0	0	1	1
1773494494	454	49474	52508	0	103728	6708	0	87	0	2635982	6372	3985209	5986	0	0	1	1
1773494496	456	49471	52508	0	103728	6708	0	87	0	2664353	6433	4028482	6045	0	0	1	1
1773494498	458	49474	52508	0	103728	6708	0	87	0	2664353	6433	4028482	6045	0	0	1	1
1773494500	460	49471	52508	0	103728	6708	0	87	0	2664353	6433	4028482	6045	0	0	1	1
1773494502	463	49474	52508	0	103728	6708	0	87	0	2664569	6437	4028698	6049	0	0	1	1
1773494504	465	49476	52508	0	103728	6708	0	87	0	2682703	6494	4059850	6101	0	0	1	1
1773494506	467	49474	52508	0	103728	6708	0	87	0	2709221	6556	4099342	6159	0	0	1	1
1773494508	469	49469	52508	0	103728	6708	0	87	0	2725045	6591	4123757	6190	0	0	1	1
1773494510	471	49472	52508	0	103728	6708	0	87	0	2725045	6591	4123757	6190	0	0	1	1
1773494512	473	49476	52508	0	103728	6708	0	87	0	2725045	6591	4123757	6190	0	0	1	1
1773494514	475	49475	52508	0	103728	6708	0	87	0	2729599	6609	4128083	6208	0	0	1	1
1773494516	477	49475	52508	0	103728	6708	0	87	0	2782223	6717	4209803	6312	0	0	1	1
1773494518	479	49474	52508	0	103728	6708	0	87	0	2782327	6719	4209907	6314	0	0	1	1
1773494520	481	49475	52508	0	103728	6708	0	87	0	2782459	6721	4210135	6316	0	0	1	1
1773494522	483	49469	52508	0	103728	6708	0	87	0	2782525	6722	4210201	6317	0	0	1	1
1773494524	485	49469	52508	0	103728	6708	0	87	0	2787246	6743	4214563	6336	0	0	1	1
1773494526	487	49475	52508	0	103728	6708	0	87	0	2839798	6850	4296346	6441	0	0	1	1
1773494528	489	49474	52508	0	103728	6708	0	87	0	2839798	6850	4296346	6441	0	0	1	1
1773494530	491	49475	52508	0	103728	6708	0	87	0	2844065	6869	4300089	6458	0	0	1	1
1773494532	493	49474	52508	0	103728	6708	0	87	0	2844229	6872	4300253	6461	0	0	1	1
1773494534	495	49473	52508	0	103728	6708	0	87	0	2846881	6894	4308728	6480	0	0	1	1
1773494536	496	49471	52508	0	103728	6708	0	87	0	2888658	6992	4370259	6570	0	0	1	1
1773494538	498	49476	52508	0	103728	6708	0	87	0	2910341	7039	4402361	6615	0	0	1	1
1773494540	500	49471	52508	0	103728	6708	0	87	0	2910341	7039	4402361	6615	0	0	1	1
1773494542	502	49475	52508	0	103728	6708	0	87	0	2910341	7039	4402361	6615	0	0	1	1
1773494544	504	49472	52508	0	103728	6708	0	87	0	2910341	7039	4402361	6615	0	0	1	1
1773494546	506	49475	52508	0	103728	6708	0	87	0	2939274	7106	4445065	6677	0	0	1	1
1773494548	508	49475	52508	0	103728	6708	0	87	0	2967709	7168	4488271	6735	0	0	1	1
1773494550	510	49475	52508	0	103728	6708	0	87	0	2967775	7169	4488337	6736	0	0	1	1
1773494552	512	49474	52508	0	103728	6708	0	87	0	2967907	7171	4488469	6738	0	0	1	1
1773494554	514	49474	52508	0	103728	6708	0	87	0	2968115	7175	4488677	6742	0	0	1	1
1773494556	516	49471	52508	0	103728	6708	0	87	0	2987308	7225	4515513	6790	0	0	1	1
1773494558	518	49469	52508	0	103728	6708	0	87	0	3025542	7305	4574451	6860	0	0	1	1
1773494560	520	49472	52508	0	103728	6708	0	87	0	3025542	7305	4574451	6860	0	0	1	1
1773494562	522	49475	52508	0	103728	6708	0	87	0	3025758	7309	4574667	6864	0	0	1	1
1773494564	524	49474	52508	0	103728	6708	0	87	0	3025758	7309	4574667	6864	0	0	1	1
1773494566	526	49474	52508	0	103728	6708	0	87	0	3043826	7365	4605886	6917	0	0	1	1
1773494568	528	49474	52508	0	103728	6708	0	87	0	3086236	7463	4669728	7005	0	0	1	1
1773494570	530	49472	52508	0	103728	6708	0	87	0	3086236	7463	4669728	7005	0	0	1	1
1773494572	532	49476	52508	0	103728	6708	0	87	0	3086236	7463	4669728	7005	0	0	1	1
1773494574	534	49474	52508	0	103728	6708	0	87	0	3086236	7463	4669728	7005	0	0	1	1
1773494576	536	49474	52508	0	103728	6708	0	87	0	3090856	7482	4673988	7022	0	0	1	1
1773494578	538	49470	52508	0	103728	6708	0	87	0	3143716	7594	4755746	7127	0	0	1	1
1773494580	540	49474	52508	0	103728	6708	0	87	0	3143782	7595	4755812	7128	0	0	1	1
1773494582	542	49471	52508	0	103728	6708	0	87	0	3143914	7597	4756040	7130	0	0	1	1
1773494584	544	49474	52508	0	103728	6708	0	87	0	3144018	7599	4756144	7132	0	0	1	1
1773494586	546	49474	52508	0	103728	6708	0	87	0	3148635	7618	4760402	7149	0	0	1	1
1773494588	549	49474	52508	0	103728	6708	0	87	0	3201329	7727	4842124	7253	0	0	1	1
1773494590	551	49474	52508	0	103728	6708	0	87	0	3201329	7727	4842124	7253	0	0	1	1
1773494592	553	49474	52508	0	103728	6708	0	87	0	3205760	7749	4846031	7273	0	0	1	1
1773494594	555	49471	52508	0	103728	6708	0	87	0	3205760	7749	4846031	7273	0	0	1	1
1773494596	557	49474	52508	0	103728	6708	0	87	0	3208346	7770	4854573	7293	0	0	1	1
1773494598	559	49472	52508	0	103728	6708	0	87	0	3263311	7897	4935141	7416	0	0	1	1
1773494600	561	49475	52508	0	103728	6708	0	87	0	3271681	7913	4948342	7430	0	0	1	1
1773494602	563	49472	52508	0	103728	6708	0	87	0	3271681	7913	4948342	7430	0	0	1	1
1773494604	565	49469	52508	0	103728	6708	0	87	0	3271681	7913	4948342	7430	0	0	1	1
1773494606	567	49474	52508	0	103728	6708	0	87	0	3271681	7913	4948342	7430	0	0	1	1
1773494608	569	49473	52508	0	103728	6708	0	87	0	3313404	8010	5010011	7522	0	0	1	1
1773494610	571	49471	52508	0	103728	6708	0	87	0	3329126	8043	5034323	7551	0	0	1	1
1773494612	573	49475	52508	0	103728	6708	0	87	0	3329466	8049	5034663	7557	0	0	1	1
1773494614	575	49474	52508	0	103728	6708	0	87	0	3329466	8049	5034663	7557	0	0	1	1
1773494616	577	49472	52508	0	103728	6708	0	87	0	3329466	8049	5034663	7557	0	0	1	1
1773494618	579	49474	52508	0	103728	6708	0	87	0	3358335	8115	5077368	7619	0	0	1	1
1773494620	581	49471	52508	0	103728	6708	0	87	0	3386778	8177	5120578	7677	0	0	1	1
1773494622	582	49469	52508	0	103728	6708	0	87	0	3386994	8181	5120794	7681	0	0	1	1
1773494624	584	49470	52508	0	103728	6708	0	87	0	3386994	8181	5120794	7681	0	0	1	1
1773494626	586	49469	52508	0	103728	6708	0	87	0	3389997	8204	5129931	7701	0	0	1	1
1773494628	588	49472	52508	0	103728	6708	0	87	0	3405365	8242	5152209	7737	0	0	1	1
1773494630	590	49470	52508	0	103728	6708	0	87	0	3447543	8336	5215949	7823	0	0	1	1
1773494632	592	49474	52508	0	103728	6708	0	87	0	3447543	8336	5215949	7823	0	0	1	1
1773494634	594	49469	52508	0	103728	6708	0	87	0	3447543	8336	5215949	7823	0	0	1	1
1773494636	596	49476	52508	0	103728	6708	0	87	0	3447543	8336	5215949	7823	0	0	1	1
1773494638	598	49474	52508	0	103728	6708	0	87	0	3452201	8356	5220379	7843	0	0	1	1
1773494640	600	49475	52508	0	103728	6708	0	87	0	3504893	8465	5302166	7948	0	0	1	1
