Time	wtime	pss	rss	swap	vmem	rchar	read_bytes	wchar	write_bytes	rx_bytes	rx_packets	tx_bytes	tx_packets	stime	utime	nprocs	nthreads
1773491578	0	1143	4204	0	7048	6708	0	86	0	66	1	467	1	0	0	1	1
1773491580	2	1145	4204	0	7048	6708	0	86	0	28937	67	43173	63	0	0	1	1
1773491582	4	1143	4204	0	7048	6708	0	86	0	57132	130	85695	120	0	0	1	1
1773491584	6	1142	4204	0	7048	6708	0	86	0	57132	130	85695	120	0	0	1	1
1773491586	8	1142	4204	0	7048	6708	0	86	0	59718	151	93650	140	0	0	1	1
1773491588	10	1143	4204	0	7048	6708	0	86	0	65811	167	101374	155	0	0	1	1
1773491590	12	1143	4204	0	7048	6708	0	86	0	85070	218	128144	202	0	0	1	1
1773491592	14	1143	4204	0	7048	6708	0	86	0	122888	297	187012	281	0	0	1	1
1773491594	16	1143	4204	0	7048	6708	0	86	0	122954	298	187174	282	0	0	1	1
1773491596	18	1144	4204	0	7048	6708	0	86	0	122954	298	187174	282	0	0	1	1
1773491598	20	1145	4204	0	7048	6708	0	86	0	122954	298	187174	282	0	0	1	1
1773491600	22	1145	4204	0	7048	6708	0	86	0	123020	299	187240	283	0	0	1	1
1773491602	24	1143	4204	0	7048	6708	0	86	0	123020	299	187240	283	0	0	1	1
1773491604	25	1144	4204	0	7048	6708	0	86	0	123124	301	187344	285	0	0	1	1
1773491606	27	1143	4204	0	7048	6708	0	86	0	123228	303	187448	287	0	0	1	1
1773491608	29	1143	4204	0	7048	6708	0	86	0	123398	306	187618	290	0	0	1	1
1773491610	31	1143	4204	0	7048	6708	0	86	0	123398	306	187618	290	0	0	1	1
1773491612	33	1142	4204	0	7048	6708	0	86	0	127668	325	191363	307	0	0	1	1
1773491614	35	1144	4204	0	7048	6708	0	86	0	127668	325	191363	307	0	0	1	1
1773491616	37	1143	4204	0	7048	6708	0	86	0	130605	347	199846	326	0	0	1	1
1773491618	39	1142	4204	0	7048	6708	0	86	0	130671	348	199912	327	0	0	1	1
1773491620	41	1143	4204	0	7048	6708	0	86	0	130775	350	200016	329	0	0	1	1
1773491622	43	1143	4204	0	7048	6708	0	86	0	130939	353	200180	332	0	0	1	1
1773491624	45	1144	4204	0	7048	6708	0	86	0	131005	354	200246	333	0	0	1	1
1773491626	47	1145	4204	0	7048	6708	0	86	0	131005	354	200246	333	0	0	1	1
1773491628	49	1143	4204	0	7048	6708	0	86	0	131005	354	200246	333	0	0	1	1
1773491630	51	1143	4204	0	7048	6708	0	86	0	131175	357	200416	336	0	0	1	1
1773491632	53	1144	4204	0	7048	6708	0	86	0	131175	357	200416	336	0	0	1	1
1773491634	55	1142	4204	0	7048	6708	0	86	0	131279	359	200520	338	0	0	1	1
1773491636	57	1144	4204	0	7048	6708	0	86	0	131279	359	200520	338	0	0	1	1
1773491638	59	1142	4204	0	7048	6708	0	86	0	131449	362	200690	341	0	0	1	1
1773491640	61	1144	4204	0	7048	6708	0	86	0	131449	362	200690	341	0	0	1	1
1773491642	63	1143	4204	0	7048	6708	0	86	0	131449	362	200690	341	0	0	1	1
1773491644	65	1144	4204	0	7048	6708	0	86	0	131491	363	200732	342	0	0	1	1
1773491646	67	1144	4204	0	7048	6708	0	86	0	134143	385	208777	363	0	0	1	1
1773491648	69	1144	4204	0	7048	6708	0	86	0	140302	402	216567	379	0	0	1	1
1773491650	71	1144	4204	0	7048	6708	0	86	0	140302	402	216567	379	0	0	1	1
1773491652	73	1144	4204	0	7048	6708	0	86	0	140518	406	216783	383	0	0	1	1
1773491654	75	1142	4204	0	7048	6708	0	86	0	156844	446	239126	418	0	0	1	1
1773491656	77	1145	4204	0	7048	6708	0	86	0	197782	538	302042	501	0	0	1	1
1773491658	79	1143	4204	0	7048	6708	0	86	0	197782	538	302042	501	0	0	1	1
1773491660	81	1144	4204	0	7048	6708	0	86	0	197848	539	302108	502	0	0	1	1
1773491662	83	1144	4204	0	7048	6708	0	86	0	197848	539	302108	502	0	0	1	1
1773491664	85	1145	4204	0	7048	6708	0	86	0	197952	541	302212	504	0	0	1	1
1773491666	87	1145	4204	0	7048	6708	0	86	0	197952	541	302212	504	0	0	1	1
1773491668	89	1143	4204	0	7048	6708	0	86	0	198122	544	302382	507	0	0	1	1
1773491670	91	1142	4204	0	7048	6708	0	86	0	198226	546	302486	509	0	0	1	1
1773491672	93	1143	4204	0	7048	6708	0	86	0	202493	565	306229	526	0	0	1	1
1773491674	95	1143	4204	0	7048	6708	0	86	0	202493	565	306229	526	0	0	1	1
1773491676	97	1142	4204	0	7048	6708	0	86	0	205430	587	314712	545	0	0	1	1
1773491678	99	1142	4204	0	7048	6708	0	86	0	205430	587	314712	545	0	0	1	1
1773491680	101	1143	4204	0	7048	6708	0	86	0	205600	590	314882	548	0	0	1	1
1773491682	103	1143	4204	0	7048	6708	0	86	0	205764	593	315046	551	0	0	1	1
1773491684	105	1143	4204	0	7048	6708	0	86	0	205830	594	315112	552	0	0	1	1
1773491686	107	1143	4204	0	7048	6708	0	86	0	205830	594	315112	552	0	0	1	1
1773491688	109	1142	4204	0	7048	6708	0	86	0	205830	594	315112	552	0	0	1	1
1773491690	111	1143	4204	0	7048	6708	0	86	0	206000	597	315282	555	0	0	1	1
1773491692	113	1142	4204	0	7048	6708	0	86	0	206000	597	315282	555	0	0	1	1
1773491694	115	1142	4204	0	7048	6708	0	86	0	206104	599	315386	557	0	0	1	1
1773491696	117	1142	4204	0	7048	6708	0	86	0	206104	599	315386	557	0	0	1	1
1773491698	119	1144	4204	0	7048	6708	0	86	0	206274	602	315556	560	0	0	1	1
1773491700	121	1144	4204	0	7048	6708	0	86	0	206274	602	315556	560	0	0	1	1
1773491702	123	1143	4204	0	7048	6708	0	86	0	206274	602	315556	560	0	0	1	1
1773491704	125	1145	4204	0	7048	6708	0	86	0	206316	603	315598	561	0	0	1	1
1773491706	128	1144	4204	0	7048	6708	0	86	0	208968	625	323511	580	0	0	1	1
1773491708	130	1143	4204	0	7048	6708	0	86	0	208968	625	323511	580	0	0	1	1
1773491710	132	1143	4204	0	7048	6708	0	86	0	215127	642	331301	596	0	0	1	1
1773491712	134	1143	4204	0	7048	6708	0	86	0	215343	646	331517	600	0	0	1	1
1773491714	136	1143	4204	0	7048	6708	0	86	0	215409	647	331679	601	0	0	1	1
1773491716	138	1144	4204	0	7048	6708	0	86	0	215409	647	331679	601	0	0	1	1
1773491718	140	1142	4204	0	7048	6708	0	86	0	215409	647	331679	601	0	0	1	1
1773491720	142	1143	4204	0	7048	6708	0	86	0	215579	650	331849	604	0	0	1	1
1773491722	144	1143	4204	0	7048	6708	0	86	0	215579	650	331849	604	0	0	1	1
1773491724	146	1142	4204	0	7048	6708	0	86	0	215683	652	331953	606	0	0	1	1
1773491726	148	1145	4204	0	7048	6708	0	86	0	215683	652	331953	606	0	0	1	1
1773491728	150	1143	4204	0	7048	6708	0	86	0	215853	655	332123	609	0	0	1	1
1773491730	152	1144	4204	0	7048	6708	0	86	0	215853	655	332123	609	0	0	1	1
1773491732	154	1145	4204	0	7048	6708	0	86	0	215853	655	332123	609	0	0	1	1
1773491734	156	1144	4204	0	7048	6708	0	86	0	220123	674	335868	626	0	0	1	1
1773491736	158	1142	4204	0	7048	6708	0	86	0	222994	695	344440	646	0	0	1	1
1773491738	160	1142	4204	0	7048	6708	0	86	0	222994	695	344440	646	0	0	1	1
1773491740	162	1145	4204	0	7048	6708	0	86	0	223164	698	344610	649	0	0	1	1
1773491742	164	1142	4204	0	7048	6708	0	86	0	223328	701	344774	652	0	0	1	1
1773491744	166	1142	4204	0	7048	6708	0	86	0	223394	702	344840	653	0	0	1	1
1773491746	168	1145	4204	0	7048	6708	0	86	0	223394	702	344840	653	0	0	1	1
1773491748	170	1144	4204	0	7048	6708	0	86	0	223394	702	344840	653	0	0	1	1
1773491750	172	1144	4204	0	7048	6708	0	86	0	223564	705	345010	656	0	0	1	1
1773491752	174	1142	4204	0	7048	6708	0	86	0	223564	705	345010	656	0	0	1	1
1773491754	176	1142	4204	0	7048	6708	0	86	0	223564	705	345010	656	0	0	1	1
1773491756	178	1142	4204	0	7048	6708	0	86	0	223668	707	345114	658	0	0	1	1
1773491758	180	1143	4204	0	7048	6708	0	86	0	223838	710	345284	661	0	0	1	1
1773491760	182	1145	4204	0	7048	6708	0	86	0	223838	710	345284	661	0	0	1	1
1773491762	184	1142	4204	0	7048	6708	0	86	0	223838	710	345284	661	0	0	1	1
1773491764	186	1144	4204	0	7048	6708	0	86	0	223838	710	345284	661	0	0	1	1
1773491766	188	1142	4204	0	7048	6708	0	86	0	226490	732	353220	680	0	0	1	1
1773491768	190	1145	4204	0	7048	6708	0	86	0	226490	732	353220	680	0	0	1	1
1773491770	192	1143	4204	0	7048	6708	0	86	0	226660	735	353390	683	0	0	1	1
1773491772	193	1142	4204	0	7048	6708	0	86	0	226824	738	353554	686	0	0	1	1
1773491774	195	1143	4204	0	7048	6708	0	86	0	226890	739	353716	687	0	0	1	1
1773491776	197	1143	4204	0	7048	6708	0	86	0	226890	739	353716	687	0	0	1	1
1773491778	199	1143	4204	0	7048	6708	0	86	0	232983	755	361440	702	0	0	1	1
1773491780	201	1144	4204	0	7048	6708	0	86	0	232983	755	361440	702	0	0	1	1
1773491782	203	1142	4204	0	7048	6708	0	86	0	233153	758	361610	705	0	0	1	1
1773491784	205	1142	4204	0	7048	6708	0	86	0	233153	758	361610	705	0	0	1	1
1773491786	207	1144	4204	0	7048	6708	0	86	0	233153	758	361610	705	0	0	1	1
1773491788	209	1144	4204	0	7048	6708	0	86	0	233153	758	361610	705	0	0	1	1
1773491790	211	1144	4204	0	7048	6708	0	86	0	233219	759	361676	706	0	0	1	1
1773491792	213	1145	4204	0	7048	6708	0	86	0	233427	763	361884	710	0	0	1	1
1773491794	215	1144	4204	0	7048	6708	0	86	0	237694	782	365627	727	0	0	1	1
1773491796	217	1142	4204	0	7048	6708	0	86	0	240697	805	374199	747	0	0	1	1
1773491798	219	1142	4204	0	7048	6708	0	86	0	240697	805	374199	747	0	0	1	1
1773491800	221	1145	4204	0	7048	6708	0	86	0	240697	805	374199	747	0	0	1	1
1773491802	223	1142	4204	0	7048	6708	0	86	0	240913	809	374415	751	0	0	1	1
1773491804	225	1145	4204	0	7048	6708	0	86	0	240979	810	374481	752	0	0	1	1
1773491806	227	1143	4204	0	7048	6708	0	86	0	240979	810	374481	752	0	0	1	1
1773491808	229	1145	4204	0	7048	6708	0	86	0	241149	813	374651	755	0	0	1	1
1773491810	231	1143	4204	0	7048	6708	0	86	0	241149	813	374651	755	0	0	1	1
1773491812	233	1144	4204	0	7048	6708	0	86	0	241319	816	374821	758	0	0	1	1
1773491814	235	1149	4204	0	7048	6708	0	86	0	241319	816	374821	758	0	0	1	1
1773491816	237	1142	4204	0	7048	6708	0	86	0	241319	816	374821	758	0	0	1	1
1773491818	239	1144	4204	0	7048	6708	0	86	0	241423	818	374925	760	0	0	1	1
1773491820	241	1144	4204	0	7048	6708	0	86	0	241489	819	374991	761	0	0	1	1
1773491822	243	1142	4204	0	7048	6708	0	86	0	241489	819	374991	761	0	0	1	1
1773491824	245	1144	4204	0	7048	6708	0	86	0	241593	821	375095	763	0	0	1	1
1773491826	247	1142	4204	0	7048	6708	0	86	0	244179	842	383097	783	0	0	1	1
1773491828	249	1143	4204	0	7048	6708	0	86	0	244179	842	383097	783	0	0	1	1
1773491830	251	1142	4204	0	7048	6708	0	86	0	244179	842	383097	783	0	0	1	1
1773491832	253	1145	4204	0	7048	6708	0	86	0	244343	845	383261	786	0	0	1	1
1773491834	255	1142	4204	0	7048	6708	0	86	0	244409	846	383423	787	0	0	1	1
1773491836	257	1142	4204	0	7048	6708	0	86	0	244409	846	383423	787	0	0	1	1
1773491838	259	1144	4204	0	7048	6708	0	86	0	244579	849	383593	790	0	0	1	1
1773491840	261	1143	4204	0	7048	6708	0	86	0	244579	849	383593	790	0	0	1	1
1773491842	263	1145	4204	0	7048	6708	0	86	0	244749	852	383763	793	0	0	1	1
1773491844	265	1143	4204	0	7048	6708	0	86	0	244749	852	383763	793	0	0	1	1
1773491846	267	1143	4204	0	7048	6708	0	86	0	244749	852	383763	793	0	0	1	1
1773491848	269	1145	4204	0	7048	6708	0	86	0	244853	854	383867	795	0	0	1	1
1773491850	271	1142	4204	0	7048	6708	0	86	0	244919	855	383933	796	0	0	1	1
1773491852	273	1143	4204	0	7048	6708	0	86	0	244919	855	383933	796	0	0	1	1
1773491854	275	1144	4204	0	7048	6708	0	86	0	245023	857	384037	798	0	0	1	1
1773491856	277	1142	4204	0	7048	6708	0	86	0	251942	898	395739	834	0	0	1	1
1773491858	279	1145	4204	0	7048	6708	0	86	0	251942	898	395739	834	0	0	1	1
1773491860	281	1143	4204	0	7048	6708	0	86	0	251942	898	395739	834	0	0	1	1
1773491862	283	1143	4204	0	7048	6708	0	86	0	252106	901	395903	837	0	0	1	1
1773491864	285	1142	4204	0	7048	6708	0	86	0	252172	902	395969	838	0	0	1	1
1773491866	287	1143	4204	0	7048	6708	0	86	0	252172	902	395969	838	0	0	1	1
1773491868	289	1143	4204	0	7048	6708	0	86	0	252238	903	396035	839	0	0	1	1
1773491870	291	1143	4204	0	7048	6708	0	86	0	252342	905	396139	841	0	0	1	1
1773491872	293	1142	4204	0	7048	6708	0	86	0	252512	908	396309	844	0	0	1	1
1773491874	295	1145	4204	0	7048	6708	0	86	0	252512	908	396309	844	0	0	1	1
1773491876	298	1143	4204	0	7048	6708	0	86	0	252512	908	396309	844	0	0	1	1
1773491878	300	1142	4204	0	7048	6708	0	86	0	252616	910	396413	846	0	0	1	1
1773491880	302	1144	4204	0	7048	6708	0	86	0	252682	911	396479	847	0	0	1	1
1773491882	304	1143	4204	0	7048	6708	0	86	0	252682	911	396479	847	0	0	1	1
1773491884	306	1143	4204	0	7048	6708	0	86	0	252786	913	396583	849	0	0	1	1
1773491886	308	1143	4204	0	7048	6708	0	86	0	255372	934	404608	869	0	0	1	1
1773491888	310	1142	4204	0	7048	6708	0	86	0	255372	934	404608	869	0	0	1	1
1773491890	312	1144	4204	0	7048	6708	0	86	0	255372	934	404608	869	0	0	1	1
1773491892	314	1142	4204	0	7048	6708	0	86	0	255536	937	404772	872	0	0	1	1
1773491894	316	1144	4204	0	7048	6708	0	86	0	255602	938	404934	873	0	0	1	1
1773491896	318	1143	4204	0	7048	6708	0	86	0	255602	938	404934	873	0	0	1	1
1773491898	320	1143	4204	0	7048	6708	0	86	0	261761	955	412724	889	0	0	1	1
1773491900	322	1143	4204	0	7048	6708	0	86	0	261761	955	412724	889	0	0	1	1
1773491902	324	1143	4204	0	7048	6708	0	86	0	261931	958	412894	892	0	0	1	1
1773491904	326	1142	4204	0	7048	6708	0	86	0	261931	958	412894	892	0	0	1	1
1773491906	328	1145	4204	0	7048	6708	0	86	0	261931	958	412894	892	0	0	1	1
1773491908	330	1143	4204	0	7048	6708	0	86	0	261931	958	412894	892	0	0	1	1
1773491910	332	1143	4204	0	7048	6708	0	86	0	261997	959	412960	893	0	0	1	1
1773491912	334	1143	4204	0	7048	6708	0	86	0	261997	959	412960	893	0	0	1	1
1773491914	336	1145	4204	0	7048	6708	0	86	0	262205	963	413168	897	0	0	1	1
1773491916	338	1142	4204	0	7048	6708	0	86	0	269409	1004	425572	935	0	0	1	1
1773491918	340	1145	4204	0	7048	6708	0	86	0	269409	1004	425572	935	0	0	1	1
1773491920	342	1145	4204	0	7048	6708	0	86	0	269409	1004	425572	935	0	0	1	1
1773491922	344	1145	4204	0	7048	6708	0	86	0	269625	1008	425788	939	0	0	1	1
1773491924	346	1143	4204	0	7048	6708	0	86	0	269691	1009	425854	940	0	0	1	1
1773491926	348	1143	4204	0	7048	6708	0	86	0	269691	1009	425854	940	0	0	1	1
1773491928	350	1143	4204	0	7048	6708	0	86	0	269861	1012	426024	943	0	0	1	1
1773491930	352	1145	4204	0	7048	6708	0	86	0	269861	1012	426024	943	0	0	1	1
1773491932	354	1142	4204	0	7048	6708	0	86	0	270031	1015	426194	946	0	0	1	1
1773491934	356	1142	4204	0	7048	6708	0	86	0	270031	1015	426194	946	0	0	1	1
1773491936	358	1143	4204	0	7048	6708	0	86	0	270031	1015	426194	946	0	0	1	1
1773491938	360	1145	4204	0	7048	6708	0	86	0	270135	1017	426298	948	0	0	1	1
1773491940	362	1145	4204	0	7048	6708	0	86	0	270201	1018	426364	949	0	0	1	1
1773491942	364	1142	4204	0	7048	6708	0	86	0	270201	1018	426364	949	0	0	1	1
1773491944	365	1145	4204	0	7048	6708	0	86	0	270305	1020	426468	951	0	0	1	1
1773491946	367	1144	4204	0	7048	6708	0	86	0	272957	1042	434493	971	0	0	1	1
1773491948	369	1144	4204	0	7048	6708	0	86	0	272957	1042	434493	971	0	0	1	1
1773491950	371	1142	4204	0	7048	6708	0	86	0	272957	1042	434493	971	0	0	1	1
1773491952	373	1144	4204	0	7048	6708	0	86	0	273121	1045	434657	974	0	0	1	1
1773491954	375	1144	4204	0	7048	6708	0	86	0	273187	1046	434819	975	0	0	1	1
1773491956	377	1143	4204	0	7048	6708	0	86	0	273187	1046	434819	975	0	0	1	1
1773491958	379	1142	4204	0	7048	6708	0	86	0	273253	1047	434885	976	0	0	1	1
1773491960	381	1143	4204	0	7048	6708	0	86	0	273357	1049	434989	978	0	0	1	1
1773491962	383	1143	4204	0	7048	6708	0	86	0	273527	1052	435159	981	0	0	1	1
1773491964	385	1144	4204	0	7048	6708	0	86	0	273527	1052	435159	981	0	0	1	1
1773491966	387	1143	4204	0	7048	6708	0	86	0	273527	1052	435159	981	0	0	1	1
1773491968	389	1144	4204	0	7048	6708	0	86	0	273631	1054	435263	983	0	0	1	1
1773491970	391	1143	4204	0	7048	6708	0	86	0	273697	1055	435329	984	0	0	1	1
1773491972	393	1143	4204	0	7048	6708	0	86	0	273697	1055	435329	984	0	0	1	1
1773491974	395	1143	4204	0	7048	6708	0	86	0	273801	1057	435433	986	0	0	1	1
1773491976	397	1145	4204	0	7048	6708	0	86	0	276453	1079	443411	1005	0	0	1	1
1773491978	399	1142	4204	0	7048	6708	0	86	0	280720	1098	447220	1023	0	0	1	1
1773491980	401	1143	4204	0	7048	6708	0	86	0	280720	1098	447220	1023	0	0	1	1
1773491982	403	1145	4204	0	7048	6708	0	86	0	280884	1101	447384	1026	0	0	1	1
1773491984	405	1143	4204	0	7048	6708	0	86	0	280950	1102	447450	1027	0	0	1	1
1773491986	407	1145	4204	0	7048	6708	0	86	0	280950	1102	447450	1027	0	0	1	1
1773491988	409	1143	4204	0	7048	6708	0	86	0	281016	1103	447516	1028	0	0	1	1
1773491990	411	1145	4204	0	7048	6708	0	86	0	281120	1105	447620	1030	0	0	1	1
1773491992	413	1143	4204	0	7048	6708	0	86	0	281290	1108	447790	1033	0	0	1	1
1773491994	415	1145	4204	0	7048	6708	0	86	0	281290	1108	447790	1033	0	0	1	1
1773491996	417	1144	4204	0	7048	6708	0	86	0	281290	1108	447790	1033	0	0	1	1
1773491998	419	1145	4204	0	7048	6708	0	86	0	281394	1110	447894	1035	0	0	1	1
1773492000	421	1145	4204	0	7048	6708	0	86	0	281460	1111	447960	1036	0	0	1	1
1773492002	423	1144	4204	0	7048	6708	0	86	0	281460	1111	447960	1036	0	0	1	1
1773492004	425	1142	4204	0	7048	6708	0	86	0	281460	1111	447960	1036	0	0	1	1
1773492006	427	1142	4204	0	7048	6708	0	86	0	284216	1135	456044	1057	0	0	1	1
1773492008	429	1143	4204	0	7048	6708	0	86	0	284216	1135	456044	1057	0	0	1	1
1773492010	431	1144	4204	0	7048	6708	0	86	0	284216	1135	456044	1057	0	0	1	1
1773492012	433	1143	4204	0	7048	6708	0	86	0	284380	1138	456208	1060	0	0	1	1
1773492014	435	1143	4204	0	7048	6708	0	86	0	284446	1139	456370	1061	0	0	1	1
1773492016	437	1144	4204	0	7048	6708	0	86	0	284446	1139	456370	1061	0	0	1	1
1773492018	439	1142	4204	0	7048	6708	0	86	0	290605	1156	464160	1077	0	0	1	1
1773492020	441	1142	4204	0	7048	6708	0	86	0	290605	1156	464160	1077	0	0	1	1
1773492022	443	1144	4204	0	7048	6708	0	86	0	290775	1159	464330	1080	0	0	1	1
1773492024	445	1144	4204	0	7048	6708	0	86	0	290775	1159	464330	1080	0	0	1	1
1773492026	447	1143	4204	0	7048	6708	0	86	0	290775	1159	464330	1080	0	0	1	1
1773492028	449	1143	4204	0	7048	6708	0	86	0	290775	1159	464330	1080	0	0	1	1
1773492030	451	1143	4204	0	7048	6708	0	86	0	290841	1160	464396	1081	0	0	1	1
1773492032	453	1143	4204	0	7048	6708	0	86	0	291049	1164	464604	1085	0	0	1	1
1773492034	455	1145	4204	0	7048	6708	0	86	0	291049	1164	464604	1085	0	0	1	1
1773492036	457	1143	4204	0	7048	6708	0	86	0	293986	1186	473154	1104	0	0	1	1
1773492038	459	1144	4204	0	7048	6708	0	86	0	298256	1205	476899	1121	0	0	1	1
1773492040	461	1143	4204	0	7048	6708	0	86	0	298256	1205	476899	1121	0	0	1	1
1773492042	463	1143	4204	0	7048	6708	0	86	0	298472	1209	477115	1125	0	0	1	1
1773492044	465	1144	4204	0	7048	6708	0	86	0	298538	1210	477181	1126	0	0	1	1
1773492046	468	1142	4204	0	7048	6708	0	86	0	298538	1210	477181	1126	0	0	1	1
1773492048	470	1143	4204	0	7048	6708	0	86	0	298708	1213	477351	1129	0	0	1	1
1773492050	472	1142	4204	0	7048	6708	0	86	0	298708	1213	477351	1129	0	0	1	1
1773492052	474	1144	4204	0	7048	6708	0	86	0	298774	1214	477417	1130	0	0	1	1
1773492054	476	1143	4204	0	7048	6708	0	86	0	298878	1216	477521	1132	0	0	1	1
1773492056	478	1144	4204	0	7048	6708	0	86	0	298878	1216	477521	1132	0	0	1	1
1773492058	480	1145	4204	0	7048	6708	0	86	0	298982	1218	477625	1134	0	0	1	1
1773492060	482	1145	4204	0	7048	6708	0	86	0	298982	1218	477625	1134	0	0	1	1
1773492062	484	1145	4204	0	7048	6708	0	86	0	299048	1219	477691	1135	0	0	1	1
1773492064	486	1144	4204	0	7048	6708	0	86	0	299152	1221	477795	1137	0	0	1	1
1773492066	488	1144	4204	0	7048	6708	0	86	0	301870	1244	485841	1157	0	0	1	1
1773492068	490	1142	4204	0	7048	6708	0	86	0	301870	1244	485841	1157	0	0	1	1
1773492070	492	1142	4204	0	7048	6708	0	86	0	301870	1244	485841	1157	0	0	1	1
1773492072	494	1144	4204	0	7048	6708	0	86	0	302034	1247	486005	1160	0	0	1	1
1773492074	496	1143	4204	0	7048	6708	0	86	0	302100	1248	486167	1161	0	0	1	1
1773492076	498	1144	4204	0	7048	6708	0	86	0	302100	1248	486167	1161	0	0	1	1
1773492078	500	1143	4204	0	7048	6708	0	86	0	302270	1251	486337	1164	0	0	1	1
1773492080	502	1143	4204	0	7048	6708	0	86	0	302270	1251	486337	1164	0	0	1	1
1773492082	504	1142	4204	0	7048	6708	0	86	0	302440	1254	486507	1167	0	0	1	1
1773492084	506	1144	4204	0	7048	6708	0	86	0	302440	1254	486507	1167	0	0	1	1
1773492086	508	1145	4204	0	7048	6708	0	86	0	302440	1254	486507	1167	0	0	1	1
1773492088	510	1144	4204	0	7048	6708	0	86	0	302544	1256	486611	1169	0	0	1	1
1773492090	512	1145	4204	0	7048	6708	0	86	0	302544	1256	486611	1169	0	0	1	1
1773492092	514	1145	4204	0	7048	6708	0	86	0	302610	1257	486677	1170	0	0	1	1
1773492094	516	1145	4204	0	7048	6708	0	86	0	302714	1259	486781	1172	0	0	1	1
1773492096	518	1144	4204	0	7048	6708	0	86	0	305366	1281	494783	1191	0	0	1	1
1773492098	520	1144	4204	0	7048	6708	0	86	0	305366	1281	494783	1191	0	0	1	1
1773492100	522	1145	4204	0	7048	6708	0	86	0	309630	1300	498524	1208	0	0	1	1
1773492102	524	1143	4204	0	7048	6708	0	86	0	309794	1303	498688	1211	0	0	1	1
1773492104	526	1144	4204	0	7048	6708	0	86	0	309860	1304	498754	1212	0	0	1	1
1773492106	528	1144	4204	0	7048	6708	0	86	0	309860	1304	498754	1212	0	0	1	1
1773492108	530	1143	4204	0	7048	6708	0	86	0	309926	1305	498820	1213	0	0	1	1
1773492110	532	1144	4204	0	7048	6708	0	86	0	310030	1307	498924	1215	0	0	1	1
1773492112	533	1143	4204	0	7048	6708	0	86	0	310096	1308	498990	1216	0	0	1	1
1773492114	535	1142	4204	0	7048	6708	0	86	0	310200	1310	499094	1218	0	0	1	1
1773492116	537	1143	4204	0	7048	6708	0	86	0	310200	1310	499094	1218	0	0	1	1
1773492118	539	1145	4204	0	7048	6708	0	86	0	310304	1312	499198	1220	0	0	1	1
1773492120	541	1144	4204	0	7048	6708	0	86	0	310304	1312	499198	1220	0	0	1	1
1773492122	543	1143	4204	0	7048	6708	0	86	0	310370	1313	499264	1221	0	0	1	1
1773492124	545	1145	4204	0	7048	6708	0	86	0	310370	1313	499264	1221	0	0	1	1
1773492126	547	1144	4204	0	7048	6708	0	86	0	310474	1315	499368	1223	0	0	1	1
1773492128	549	1145	4204	0	7048	6708	0	86	0	313126	1337	507372	1242	0	0	1	1
1773492130	551	1143	4204	0	7048	6708	0	86	0	313126	1337	507372	1242	0	0	1	1
1773492132	553	1142	4204	0	7048	6708	0	86	0	313290	1340	507536	1245	0	0	1	1
1773492134	555	1145	4204	0	7048	6708	0	86	0	313356	1341	507698	1246	0	0	1	1
1773492136	557	1144	4204	0	7048	6708	0	86	0	313356	1341	507698	1246	0	0	1	1
1773492138	559	1145	4204	0	7048	6708	0	86	0	319449	1357	515422	1261	0	0	1	1
1773492140	561	1142	4204	0	7048	6708	0	86	0	319449	1357	515422	1261	0	0	1	1
1773492142	563	1145	4204	0	7048	6708	0	86	0	319619	1360	515592	1264	0	0	1	1
1773492144	565	1144	4204	0	7048	6708	0	86	0	319619	1360	515592	1264	0	0	1	1
1773492146	567	1142	4204	0	7048	6708	0	86	0	319619	1360	515592	1264	0	0	1	1
1773492148	569	1143	4204	0	7048	6708	0	86	0	319619	1360	515592	1264	0	0	1	1
1773492150	571	1142	4204	0	7048	6708	0	86	0	319619	1360	515592	1264	0	0	1	1
1773492152	573	1145	4204	0	7048	6708	0	86	0	319893	1365	515866	1269	0	0	1	1
1773492154	575	1145	4204	0	7048	6708	0	86	0	319893	1365	515866	1269	0	0	1	1
1773492156	577	1144	4204	0	7048	6708	0	86	0	319893	1365	515866	1269	0	0	1	1
1773492158	579	1143	4204	0	7048	6708	0	86	0	322830	1387	524440	1288	0	0	1	1
1773492160	581	1144	4204	0	7048	6708	0	86	0	327097	1406	528183	1305	0	0	1	1
1773492162	583	1143	4204	0	7048	6708	0	86	0	327313	1410	528399	1309	0	0	1	1
1773492164	585	1142	4204	0	7048	6708	0	86	0	327379	1411	528465	1310	0	0	1	1
1773492166	587	1144	4204	0	7048	6708	0	86	0	327379	1411	528465	1310	0	0	1	1
1773492168	589	1144	4204	0	7048	6708	0	86	0	327549	1414	528635	1313	0	0	1	1
1773492170	591	1144	4204	0	7048	6708	0	86	0	327549	1414	528635	1313	0	0	1	1
1773492172	593	1144	4204	0	7048	6708	0	86	0	327615	1415	528701	1314	0	0	1	1
1773492174	595	1142	4204	0	7048	6708	0	86	0	327615	1415	528701	1314	0	0	1	1
1773492176	597	1142	4204	0	7048	6708	0	86	0	327719	1417	528805	1316	0	0	1	1
1773492178	599	1143	4204	0	7048	6708	0	86	0	327823	1419	528909	1318	0	0	1	1
